0 1 1.000000
0 2 0.333333
0 3 0.333333
0 4 1.000000
0 5 1.000000
0 6 1.000000
0 7 1.000000
0 8 1.000000
0 9 1.000000
0 11 0.027778
2 3 0.333333
2 11 0.027778
3 11 0.027778
10 11 0.027778
11 12 0.500000
11 13 1.000000
11 14 1.000000
11 15 1.000000
11 23 0.066667
11 24 0.090909
11 25 0.062500
11 26 0.090909
11 27 0.058824
11 28 0.250000
11 29 0.125000
11 31 0.250000
11 32 1.000000
11 33 0.500000
11 34 0.166667
11 35 0.166667
11 36 0.166667
11 37 0.166667
11 38 0.166667
11 43 0.333333
11 44 0.500000
11 48 0.045455
11 49 0.142857
11 51 0.142857
11 55 0.052632
11 58 0.066667
11 64 0.076923
11 68 0.100000
11 69 0.100000
11 70 0.100000
11 71 0.111111
11 72 0.333333
12 23 0.066667
16 17 0.142857
16 18 0.142857
16 19 0.142857
16 20 0.142857
16 21 0.142857
16 22 0.142857
16 23 0.066667
16 26 0.090909
16 55 0.052632
17 18 0.142857
17 19 0.142857
17 20 0.142857
17 21 0.142857
17 22 0.142857
17 23 0.066667
18 19 0.142857
18 20 0.142857
18 21 0.142857
18 22 0.142857
18 23 0.066667
19 20 0.142857
19 21 0.142857
19 22 0.142857
19 23 0.066667
20 21 0.142857
20 22 0.142857
20 23 0.066667
21 22 0.142857
21 23 0.066667
22 23 0.066667
23 24 0.090909
23 25 0.062500
23 27 0.058824
23 29 0.125000
23 30 0.500000
23 31 0.250000
24 25 0.062500
24 26 0.090909
24 27 0.058824
24 41 0.090909
24 42 0.333333
24 50 0.500000
24 68 0.100000
24 69 0.100000
24 70 0.100000
25 26 0.090909
25 27 0.058824
25 39 0.333333
25 40 1.000000
25 41 0.090909
25 42 0.333333
25 48 0.045455
25 55 0.052632
25 68 0.100000
25 69 0.100000
25 70 0.100000
25 71 0.111111
25 75 0.142857
26 27 0.058824
26 43 0.333333
26 49 0.142857
26 51 0.142857
26 54 0.250000
26 55 0.052632
26 72 0.333333
27 28 0.250000
27 29 0.125000
27 31 0.250000
27 33 0.500000
27 43 0.333333
27 48 0.045455
27 58 0.066667
27 68 0.100000
27 69 0.100000
27 70 0.100000
27 71 0.111111
27 72 0.333333
28 44 0.500000
28 45 1.000000
29 34 0.166667
29 35 0.166667
29 36 0.166667
29 37 0.166667
29 38 0.166667
30 31 0.250000
34 35 0.166667
34 36 0.166667
34 37 0.166667
34 38 0.166667
35 36 0.166667
35 37 0.166667
35 38 0.166667
36 37 0.166667
36 38 0.166667
37 38 0.166667
39 52 0.500000
39 55 0.052632
41 42 0.333333
41 55 0.052632
41 57 0.090909
41 62 0.076923
41 68 0.100000
41 69 0.100000
41 70 0.100000
41 71 0.111111
41 75 0.142857
46 47 0.500000
47 48 0.045455
48 55 0.052632
48 57 0.090909
48 58 0.066667
48 59 0.090909
48 60 0.111111
48 61 0.090909
48 62 0.076923
48 63 0.083333
48 64 0.076923
48 65 0.083333
48 66 0.100000
48 68 0.100000
48 69 0.100000
48 71 0.111111
48 73 0.500000
48 74 0.500000
48 75 0.142857
48 76 0.142857
49 50 0.500000
49 51 0.142857
49 54 0.250000
49 55 0.052632
49 56 0.500000
51 52 0.500000
51 53 1.000000
51 54 0.250000
51 55 0.052632
54 55 0.052632
55 56 0.500000
55 57 0.090909
55 58 0.066667
55 59 0.090909
55 61 0.090909
55 62 0.076923
55 63 0.083333
55 64 0.076923
55 65 0.083333
57 58 0.066667
57 59 0.090909
57 61 0.090909
57 62 0.076923
57 63 0.083333
57 64 0.076923
57 65 0.083333
57 67 1.000000
58 59 0.090909
58 60 0.111111
58 61 0.090909
58 62 0.076923
58 63 0.083333
58 64 0.076923
58 65 0.083333
58 66 0.100000
58 70 0.100000
58 76 0.142857
59 60 0.111111
59 61 0.090909
59 62 0.076923
59 63 0.083333
59 64 0.076923
59 65 0.083333
59 66 0.100000
60 61 0.090909
60 62 0.076923
60 63 0.083333
60 64 0.076923
60 65 0.083333
60 66 0.100000
61 62 0.076923
61 63 0.083333
61 64 0.076923
61 65 0.083333
61 66 0.100000
62 63 0.083333
62 64 0.076923
62 65 0.083333
62 66 0.100000
62 76 0.142857
63 64 0.076923
63 65 0.083333
63 66 0.100000
63 76 0.142857
64 65 0.083333
64 66 0.100000
64 76 0.142857
65 66 0.100000
65 76 0.142857
66 76 0.142857
68 69 0.100000
68 70 0.100000
68 71 0.111111
68 75 0.142857
69 70 0.100000
69 71 0.111111
69 75 0.142857
70 71 0.111111
70 75 0.142857
71 75 0.142857
73 74 0.500000
