0 1 0.001000
0 2 0.010000
0 3 0.010000
0 4 0.001000
0 5 0.001000
0 6 0.100000
0 7 0.001000
0 8 0.100000
0 9 0.001000
0 11 0.010000
2 3 0.001000
2 11 0.001000
3 11 0.001000
10 11 0.001000
11 12 0.010000
11 13 0.100000
11 14 0.001000
11 15 0.001000
11 23 0.001000
11 24 0.100000
11 25 0.010000
11 26 0.010000
11 27 0.001000
11 28 0.001000
11 29 0.010000
11 31 0.100000
11 32 0.010000
11 33 0.001000
11 34 0.001000
11 35 0.100000
11 36 0.010000
11 37 0.001000
11 38 0.010000
11 43 0.001000
11 44 0.100000
11 48 0.001000
11 49 0.010000
11 51 0.010000
11 55 0.001000
11 58 0.001000
11 64 0.010000
11 68 0.001000
11 69 0.010000
11 70 0.100000
11 71 0.001000
11 72 0.100000
12 23 0.100000
16 17 0.001000
16 18 0.100000
16 19 0.001000
16 20 0.001000
16 21 0.010000
16 22 0.001000
16 23 0.010000
16 26 0.100000
16 55 0.100000
17 18 0.001000
17 19 0.010000
17 20 0.010000
17 21 0.001000
17 22 0.100000
17 23 0.100000
18 19 0.010000
18 20 0.100000
18 21 0.001000
18 22 0.010000
18 23 0.001000
19 20 0.010000
19 21 0.100000
19 22 0.100000
19 23 0.010000
20 21 0.100000
20 22 0.100000
20 23 0.010000
21 22 0.001000
21 23 0.001000
22 23 0.010000
23 24 0.100000
23 25 0.001000
23 27 0.010000
23 29 0.010000
23 30 0.010000
23 31 0.100000
24 25 0.100000
24 26 0.001000
24 27 0.001000
24 41 0.010000
24 42 0.010000
24 50 0.010000
24 68 0.100000
24 69 0.010000
24 70 0.001000
25 26 0.010000
25 27 0.010000
25 39 0.100000
25 40 0.010000
25 41 0.001000
25 42 0.010000
25 48 0.100000
25 55 0.001000
25 68 0.001000
25 69 0.100000
25 70 0.010000
25 71 0.001000
25 75 0.001000
26 27 0.100000
26 43 0.001000
26 49 0.001000
26 51 0.100000
26 54 0.010000
26 55 0.010000
26 72 0.010000
27 28 0.010000
27 29 0.010000
27 31 0.001000
27 33 0.100000
27 43 0.010000
27 48 0.001000
27 58 0.001000
27 68 0.010000
27 69 0.100000
27 70 0.001000
27 71 0.100000
27 72 0.001000
28 44 0.001000
28 45 0.001000
29 34 0.010000
29 35 0.001000
29 36 0.010000
29 37 0.010000
29 38 0.001000
30 31 0.010000
34 35 0.001000
34 36 0.100000
34 37 0.001000
34 38 0.100000
35 36 0.001000
35 37 0.001000
35 38 0.001000
36 37 0.100000
36 38 0.010000
37 38 0.001000
39 52 0.100000
39 55 0.001000
41 42 0.001000
41 55 0.001000
41 57 0.010000
41 62 0.100000
41 68 0.001000
41 69 0.100000
41 70 0.001000
41 71 0.010000
41 75 0.100000
46 47 0.001000
47 48 0.010000
48 55 0.100000
48 57 0.100000
48 58 0.010000
48 59 0.100000
48 60 0.010000
48 61 0.100000
48 62 0.100000
48 63 0.100000
48 64 0.001000
48 65 0.010000
48 66 0.100000
48 68 0.001000
48 69 0.100000
48 71 0.001000
48 73 0.010000
48 74 0.100000
48 75 0.001000
48 76 0.100000
49 50 0.001000
49 51 0.001000
49 54 0.010000
49 55 0.010000
49 56 0.001000
51 52 0.100000
51 53 0.010000
51 54 0.100000
51 55 0.010000
54 55 0.001000
55 56 0.010000
55 57 0.001000
55 58 0.001000
55 59 0.010000
55 61 0.100000
55 62 0.100000
55 63 0.100000
55 64 0.001000
55 65 0.001000
57 58 0.010000
57 59 0.001000
57 61 0.100000
57 62 0.100000
57 63 0.100000
57 64 0.010000
57 65 0.100000
57 67 0.010000
58 59 0.001000
58 60 0.100000
58 61 0.010000
58 62 0.010000
58 63 0.010000
58 64 0.100000
58 65 0.010000
58 66 0.100000
58 70 0.010000
58 76 0.001000
59 60 0.010000
59 61 0.010000
59 62 0.010000
59 63 0.001000
59 64 0.100000
59 65 0.100000
59 66 0.010000
60 61 0.010000
60 62 0.001000
60 63 0.001000
60 64 0.001000
60 65 0.001000
60 66 0.001000
61 62 0.010000
61 63 0.001000
61 64 0.010000
61 65 0.010000
61 66 0.100000
62 63 0.001000
62 64 0.100000
62 65 0.001000
62 66 0.100000
62 76 0.001000
63 64 0.001000
63 65 0.100000
63 66 0.010000
63 76 0.010000
64 65 0.001000
64 66 0.010000
64 76 0.010000
65 66 0.001000
65 76 0.001000
66 76 0.010000
68 69 0.010000
68 70 0.100000
68 71 0.010000
68 75 0.010000
69 70 0.100000
69 71 0.010000
69 75 0.010000
70 71 0.001000
70 75 0.001000
71 75 0.001000
73 74 0.001000
